Run semi-empirical minimization
 &qmmm
    qm_theory='AM1', grms_tol=0.0005,
 scfconv=1.d-10, ndiis_attempts=700,   qmcharge=0,
 /
   6     C        0.7410       -0.2710        0.1400 
   8     O       -0.1840        0.5430       -0.6340 
   6    C1        0.0350        1.8990       -0.5020 
   6    C2       -0.9030        2.9290       -0.9570 
   6    C3       -0.5460        4.3250       -1.3530 
   6    C4        0.7720        4.6950       -1.2360 
   6    C5        1.5400        3.6050       -0.5320 
   6    C6        1.3060        2.2750       -0.2860 
   7     N        1.3460        6.1040       -2.0130 
   7    N1        0.9100        7.2920       -1.4160 
   6    C7        1.8100        8.2390       -1.6980 
   6    C8        2.7950        7.8920       -2.6310 
   6    C9        2.6190        6.5410       -2.8900 
   7    N2        3.5540        5.9030       -3.7780 
   6   C10        3.6900        4.4890       -4.0240 
   8    O1        4.5130        4.0750       -4.7680 
   6   C11        2.8450        3.7090       -3.0650 
   6   C12        1.3920        3.9380       -3.8570 
   6   C13        0.5760        2.7250       -3.4880 
   6   C14        1.4290        1.5110       -3.3890 
   6   C15        2.8570        2.1160       -3.4440 
   6   C16        3.6670        4.3610       -1.5750 
   6   C17        3.2170        5.4170       -0.4820 
   6   C18        3.5660        5.5880        0.8510 
   6   C19        4.5850        4.7960        1.2190 
   6   C20        5.1860        3.9120        0.2640 
   6   C21        4.7550        3.6660       -1.0990 
  17    Cl        4.9970        4.8510        2.8790 
   6   C22        3.6810        9.0230       -3.0830 
  16     S        3.3270       10.3590       -1.8910 
   8    O2        4.3370       10.3200       -0.8500 
   8    O3        3.0430       11.5830       -2.6140 
   6   C23        1.7770        9.6660       -1.2510 
   1     H        0.4760       -1.3220        0.0260 
   1    H1        0.6540        0.0310        1.1870 
   1    H2        1.8070       -0.2270       -0.1560 
   1    H3       -1.8430        2.5600       -1.3530 
   1    H4       -1.1690        4.8930       -2.0460 
   1    H5        2.5240        3.5850       -0.0980 
   1    H6        2.2050        1.6340       -0.2140 
   1    H7        4.3350        6.4160       -4.1880 
   1    H8        0.8590        4.8700       -3.6890 
   1    H9        1.4380        3.9200       -4.9540 
   1   H10       -0.4980        2.6840       -3.7080 
   1   H11        0.5590        2.8550       -2.4670 
   1   H12        1.0460        0.7690       -4.0950 
   1   H13        1.3770        0.9610       -2.4450 
   1   H14        3.1030        1.9630       -4.5020 
   1   H15        3.5210        1.5380       -2.8100 
   1   H16        2.2020        5.7820       -0.2870 
   1   H17        2.8550        6.0790        1.5480 
   1   H18        6.0130        3.3250        0.6370 
   1   H19        5.1860        2.8500       -1.6690 
   1   H20        3.3400        9.3960       -4.0550 
   1   H21        4.7610        8.8520       -3.0890 
   1   H22        1.7470        9.8280       -0.1730 
   1   H23        0.9680       10.1800       -1.7700 

